"V1" "V2" "V3" "V4" "V5" "V6" "V7" "V8" "V9" "V10" "V11" "V12" "V13" "V14" "V15" "V16" "V17" "V18" "V19" "V20" "V21"
"1" 14 3 6 11 0 45 95 0 0 0 0 0 0 0 0 13 7.77776920658 0.598289938967 3.08352585827e-19 8.12761953511e-34 4.00858361575e-18
"2" 14 4 6 11 0 45 95 0 0 0 0 0 0 0 0 13 7.77776920658 0.598289938967 8.76097550144e-25 5.9881516841e-45 1.13892681519e-23
"3" 15 1 23 15 0 94 118 0 0 0 0 0 0 0 0 19 8.9385893512 0.470452071116 5.23854698609e-06 9.79618283661e-07 9.95323927357e-05
"4" 15 2 23 15 0 94 118 0 0 0 0 0 0 0 0 19 8.94472222461 0.470774853927 2.64045749046e-07 3.81195561919e-08 5.01686923188e-06
"5" 15 3 23 15 0 94 118 0 0 0 0 0 0 0 0 19 8.94506171134 0.470792721649 1.67243283278e-08 3.85113367944e-09 3.17762238228e-07
"6" 15 4 23 15 0 94 118 0 0 0 0 0 0 0 0 19 8.94508326312 0.470793855954 1.04000439373e-09 3.04047161424e-10 1.97600834809e-08
"7" 16 1 7 3 0 39 33 0 0 0 0 0 0 0 0 14 6.28672476488 0.44905176892 3.81741095974e-06 2.60326889365e-07 5.34437534363e-05
"8" 16 2 7 3 0 39 33 0 0 0 0 0 0 0 0 14 6.29569012263 0.449692151617 2.17233709139e-06 5.02406676746e-08 3.04127192795e-05
"9" 16 3 7 3 0 39 33 0 0 0 0 0 0 0 0 14 6.29935238205 0.449953741575 6.67696489607e-07 4.64617649544e-09 9.3477508545e-06
"10" 16 4 7 3 0 39 33 0 0 0 0 0 0 0 0 14 6.30038500663 0.450027500474 1.72918775534e-07 3.1071993413e-10 2.42086285748e-06
"11" 17 1 8 1 0 18 22 0 0 0 0 0 0 0 0 11 5.02458661032 0.456780600938 6.92442979452e-06 1.6798242732e-06 7.61687277397e-05
"12" 17 2 8 1 0 18 22 0 0 0 0 0 0 0 0 11 5.03928290481 0.45811662771 3.36396444444e-06 1.30071709031e-07 3.70036088888e-05
"13" 17 3 8 1 0 18 22 0 0 0 0 0 0 0 0 11 5.04239961518 0.458399965016 3.89559761539e-07 1.83978122467e-09 4.28515737692e-06
"14" 17 4 8 1 0 18 22 0 0 0 0 0 0 0 0 11 5.04274030372 0.458430936702 4.12010728554e-08 2.29525188356e-11 4.53211801409e-07
"15" 18 1 269 445 0 890 1085 174 67 24 8 0 37 1 2 29 16.0333860896 0.552875382401 5.69682001182e-05 1.10507102532e-07 0.00165207780343
"16" 18 2 269 445 0 890 1085 174 67 24 8 0 37 1 2 29 16.3675678708 0.564398892097 5.82724696704e-05 1.11596796085e-07 0.00168990162044
"17" 18 3 269 445 0 890 1085 174 67 24 8 0 37 1 2 29 16.7094006422 0.57618622904 5.960660013e-05 1.06561373792e-07 0.00172859140377
"18" 18 4 269 445 0 890 1085 174 67 24 8 0 37 1 2 29 17.0590595708 0.588243433475 6.09712751006e-05 1.05766407146e-07 0.00176816697792
"19" 19 1 1931 629 0 3526 13192 310 80 21 0 0 65 0 0 75 39.2624650091 0.523499533455 1.48894596693e-05 4.08700726735e-06 0.0011167094752
"20" 19 2 1931 629 0 3526 13192 310 80 21 0 0 65 0 0 75 39.595507106 0.527940094747 3.00757003343e-05 6.46178681005e-08 0.00225567752507
"21" 19 3 1931 629 0 3526 13192 310 80 21 0 0 65 0 0 75 40.1549427556 0.535399236741 4.47212887643e-05 7.52526727984e-08 0.00335409665732
"22" 19 4 1931 629 0 3526 13192 310 80 21 0 0 65 0 0 75 40.9709906781 0.546279875707 6.6210415992e-05 1.62060430952e-07 0.0049657811994
"23" 1 1 19 4 0 44 42 0 0 0 0 0 0 0 0 9 2.80803345683 0.312003717425 6.84279256109e-05 1.393174869e-05 0.000615851330498
"24" 1 2 19 4 0 44 42 0 0 0 0 0 0 0 0 9 2.8702780504 0.318919783377 7.88123483602e-06 2.16060867005e-07 7.09311135241e-05
"25" 1 3 19 4 0 44 42 0 0 0 0 0 0 0 0 9 2.8763562267 0.319595136301 1.5912475717e-06 2.96245295033e-08 1.43212281453e-05
"26" 1 4 19 4 0 44 42 0 0 0 0 0 0 0 0 9 2.87832567395 0.319813963773 7.1555090834e-07 7.06862706149e-09 6.43995817506e-06
"27" 2 1 4 0 0 10 12 0 0 0 0 0 0 0 0 5 1.76777514029 0.353555028057 1.38575323849e-05 1.3939497966e-05 6.92876619245e-05
"28" 2 2 4 0 0 10 12 0 0 0 0 0 0 0 0 5 1.77461891656 0.354923783312 1.41632397719e-06 8.46938853201e-08 7.08161988594e-06
"29" 2 3 4 0 0 10 12 0 0 0 0 0 0 0 0 5 1.77504575711 0.355009151423 5.67199028635e-08 1.01671946987e-10 2.83599514317e-07
"30" 2 4 4 0 0 10 12 0 0 0 0 0 0 0 0 5 1.77506252459 0.355012504917 2.18491755859e-09 1.15695333337e-13 1.09245877929e-08
"31" 3 1 67 26 0 201 209 2 4 4 2 0 0 0 2 22 11.6624738675 0.530112448521 -2.53035423181e-07 5.95536183331e-08 -5.56677930998e-06
"32" 3 2 67 26 0 201 209 2 4 4 2 0 0 0 2 22 11.662084029 0.530094728591 -2.29947517571e-08 1.01434569661e-10 -5.05884538656e-07
"33" 3 3 67 26 0 201 209 2 4 4 2 0 0 0 2 22 11.6620390442 0.530092683826 -3.66184718826e-09 1.18390461132e-12 -8.05606381417e-08
"34" 3 4 67 26 0 201 209 2 4 4 2 0 0 0 2 22 11.6620310107 0.530092318667 -7.68066796901e-10 5.24622151096e-14 -1.68974695318e-08
"35" 4 1 2 0 0 7 7 0 0 0 0 0 0 0 0 6 3.69187351266 0.61531225211 -8.16517276227e-06 1.59202302324e-06 -4.89910365736e-05
"36" 4 2 2 0 0 7 7 0 0 0 0 0 0 0 0 6 3.689177332 0.614862888667 -2.33227401556e-07 1.33329511098e-08 -1.39936440934e-06
"37" 4 3 2 0 0 7 7 0 0 0 0 0 0 0 0 6 3.68910123948 0.614850206579 -6.5066628582e-09 6.41940398551e-11 -3.90399771492e-08
"38" 4 4 2 0 0 7 7 0 0 0 0 0 0 0 0 6 3.68909911724 0.614849852873 -1.81421153603e-10 2.9860594754e-13 -1.08852692162e-09
"39" 5 1 22 38 0 27 45 0 0 0 0 0 0 0 0 9 4.78518369522 0.531687077246 7.70907179267e-06 2.43179760737e-06 6.9381646134e-05
"40" 5 2 22 38 0 27 45 0 0 0 0 0 0 0 0 9 4.78679691846 0.531866324274 1.33493169905e-09 2.47429182507e-10 1.20143852915e-08
"41" 5 3 22 38 0 27 45 0 0 0 0 0 0 0 0 9 4.78679719618 0.531866355131 2.29993943631e-13 2.11684780083e-10 2.06994549268e-12
"42" 5 4 22 38 0 27 45 0 0 0 0 0 0 0 0 9 4.78679719623 0.531866355136 3.99400504471e-17 1.72398655645e-10 3.59460454024e-16
"43" 6 1 221 269 0 659 557 0 0 0 0 0 0 0 0 23 9.48078998122 0.412208260053 2.86480795067e-07 1.54453125768e-08 6.58905828653e-06
"44" 6 2 221 269 0 659 557 0 0 0 0 0 0 0 0 23 9.48268830833 0.412290796014 4.31258528804e-07 7.97780287368e-09 9.9189461625e-06
"45" 6 3 221 269 0 659 557 0 0 0 0 0 0 0 0 23 9.48434180552 0.412362687196 2.78714799442e-07 3.09250633379e-09 6.41044038717e-06
"46" 6 4 221 269 0 659 557 0 0 0 0 0 0 0 0 23 9.48529359099 0.412404069174 1.44947195858e-07 1.02197727752e-09 3.33378550474e-06
"47" 7 1 55 26 0 276 280 0 0 0 0 0 0 0 0 27 13.6170383641 0.504334754226 6.87314980362e-06 5.92363382502e-07 0.000185575044698
"48" 7 2 55 26 0 276 280 0 0 0 0 0 0 0 0 27 13.628685804 0.504766140889 3.15494034083e-07 1.87762692908e-09 8.51833892024e-06
"49" 7 3 55 26 0 276 280 0 0 0 0 0 0 0 0 27 13.6292000349 0.504785186478 1.30830964187e-08 4.24638379807e-11 3.53243603305e-07
"50" 7 4 55 26 0 276 280 0 0 0 0 0 0 0 0 27 13.6292213101 0.504785974449 5.41653479614e-10 5.18952545809e-12 1.46246439496e-08
"51" 8 1 19 15 0 32 56 0 0 0 0 0 0 0 0 10 6.79368487986 0.679368487986 -3.18495847295e-06 6.78085462021e-08 -3.18495847295e-05
"52" 8 2 19 15 0 32 56 0 0 0 0 0 0 0 0 10 6.78938448106 0.678938448106 -8.3610101975e-07 5.4083344103e-08 -8.3610101975e-06
"53" 8 3 19 15 0 32 56 0 0 0 0 0 0 0 0 10 6.78960286392 0.678960286392 7.31869468344e-07 4.03734366367e-08 7.31869468344e-06
"54" 8 4 19 15 0 32 56 0 0 0 0 0 0 0 0 10 6.79125220968 0.679125220968 7.64109326053e-07 1.51268719379e-08 7.64109326053e-06
"55" 9 1 65 12 0 411 375 0 0 0 0 0 0 0 0 37 18.3287029338 0.495370349562 5.74667047204e-06 4.54837877855e-07 0.000212626807466
"56" 9 2 65 12 0 411 375 0 0 0 0 0 0 0 0 37 18.349773003 0.495939810893 1.25281121081e-06 3.50424592099e-08 4.63540147999e-05
"57" 9 3 65 12 0 411 375 0 0 0 0 0 0 0 0 37 18.3544616574 0.49606653128 2.57455940757e-07 1.28485213214e-09 9.52586980799e-06
"58" 9 4 65 12 0 411 375 0 0 0 0 0 0 0 0 37 18.3554259262 0.4960925926 5.56277909695e-08 5.01684648351e-11 2.05822826587e-06
"59" 10 1 9 3 0 28 28 0 0 0 0 0 0 0 0 10 5.78423696892 0.578423696892 2.45281918451e-06 1.01619455339e-07 2.45281918451e-05
"60" 10 2 9 3 0 28 28 0 0 0 0 0 0 0 0 10 5.78499667161 0.578499667161 4.32922236455e-09 6.83592769387e-10 4.32922236455e-08
"61" 10 3 9 3 0 28 28 0 0 0 0 0 0 0 0 10 5.7849980713 0.57849980713 9.22433186102e-12 7.05917121587e-12 9.22433186102e-11
"62" 10 4 9 3 0 28 28 0 0 0 0 0 0 0 0 10 5.78499807431 0.578499807431 2.04777594796e-14 7.15964705532e-14 2.04777594796e-13
"63" 11 1 15 2 0 40 58 0 0 0 0 0 0 0 0 14 8.26782367096 0.59055883364 -4.31761909347e-06 9.04422648356e-08 -6.04466673086e-05
"64" 11 2 15 2 0 40 58 0 0 0 0 0 0 0 0 14 8.26252750983 0.590180536416 -5.1193332735e-07 8.12087771104e-10 -7.1670665829e-06
"65" 11 3 15 2 0 40 58 0 0 0 0 0 0 0 0 14 8.26197427698 0.590141019784 -4.87665528264e-08 7.35586847893e-12 -6.8273173957e-07
"66" 11 4 15 2 0 40 58 0 0 0 0 0 0 0 0 14 8.26192188009 0.590137277149 -4.59370313053e-09 6.52688476217e-14 -6.43118438274e-08
"67" 12 1 64 26 0 181 335 0 0 0 0 0 0 0 0 21 13.0568202549 0.621753345473 2.50491837654e-06 2.06339269472e-07 5.26032859073e-05
"68" 12 2 64 26 0 181 335 0 0 0 0 0 0 0 0 21 13.0582939222 0.621823520103 2.13581115965e-09 1.5232809248e-08 4.48520343526e-08
"69" 12 3 64 26 0 181 335 0 0 0 0 0 0 0 0 21 13.0582952385 0.621823582786 2.81575459635e-12 1.95200184787e-08 5.91308465234e-11
"70" 12 4 64 26 0 181 335 0 0 0 0 0 0 0 0 21 13.0582952404 0.621823582875 5.98986655824e-15 2.4505145044e-08 1.25787197723e-13
"71" 13 1 6 0 0 16 26 0 0 0 0 0 0 0 0 8 5.1298536981 0.641231712262 -4.87589244035e-07 3.0483215215e-08 -3.90071395228e-06
"72" 13 2 6 0 0 16 26 0 0 0 0 0 0 0 0 8 5.12974831549 0.641218539436 -2.9902881607e-10 1.14165155373e-14 -2.39223052856e-09
"73" 13 3 6 0 0 16 26 0 0 0 0 0 0 0 0 8 5.12974825046 0.641218531308 -1.91701442342e-13 4.69275336585e-21 -1.53361153874e-12
"74" 13 4 6 0 0 16 26 0 0 0 0 0 0 0 0 8 5.12974825042 0.641218531303 -1.26844988035e-16 2.06413981847e-27 -1.01475990428e-15
"75" 14 1 6 11 0 45 95 0 0 0 0 0 0 0 0 13 7.77776082243 0.598289294033 4.11270886277e-08 2.42873169664e-11 5.3465215216e-07
"76" 14 2 6 11 0 45 95 0 0 0 0 0 0 0 0 13 7.77776920655 0.598289938966 1.11833370163e-13 1.27458146561e-22 1.45383381212e-12
